2 255.0 255.0 255.0  0  98 249.77494937703122
3 255.0 255.0 255.0  0  96 250.6774293406377
4 255.0 255.0 255.0  0  98 244.1191426218977
5 214.0 216.0 214.0  0  97 212.4061817670839
6 202.0 153.0 153.0  0  97 155.60306368045198
7 204.0 153.0 153.0  0  96 156.40728450418842
8 153.0 153.0 201.0  0  96 165.43636905152763
9 153.0 205.0 153.0  0  96 180.91802294494528
10 202.0 153.0 202.0  0  96 171.28097708319655
11 201.0 201.0 205.0  0  98 197.5473883264117
12 178.0 214.0 214.0  0  98 204.77164933995638
13 212.0 211.0 178.0  0  98 195.65258814907304
14 219.0 215.0 215.0  0  98 209.70047561744312
15 213.0 178.0 214.0  0  98 186.42342016292235
16 189.0 128.0 190.0  0  96 152.20786234908962
17 200.0 201.0 153.0  0  97 186.2521176702344
18 178.0 215.0 216.0  0  97 208.2853640169776
19 216.0 178.0 216.0  0  97 190.36023556795007
20 214.0 218.0 218.0  0  96 215.54763702710056
21 200.0 153.0 153.0  0  98 152.1796730092379
22 154.0 200.0 154.0  0  98 176.9123319731338
23 128.0 128.0 188.0  0  98 141.43974255735608
24 153.0 202.0 203.0  0  98 192.69516148976533
25 201.0 200.0 201.0  0  98 197.21789129864374
26 205.0 202.0 198.0  0  98 196.6155792610286
27 153.0 153.0 203.0  0  98 165.551368801839
2 164.0 168.0 239.0  40  70 175.0157570621469
3 255.0 255.0 255.0  0  99 250.6650967737924
4 255.0 255.0 255.0  0  99 242.27490075611337
5 191.0 134.0 157.0  20  72 137.3678107344633
6 210.0 156.0 153.0  30  71 153.5566384180791
7 231.0 154.0 153.0  0  70 152.6864943502825
8 191.0 159.0 131.0  30  72 145.13838418079095
9 191.0 157.0 115.0  40  71 139.48438983050846
10 214.0 216.0 178.0  0  98 202.01215190345624
11 146.0 131.0 162.0  5  65 137.98479378531073
12 145.0 132.0 173.0  15  65 138.4460197740113
13 119.0 151.0 182.0  10  69 149.94942372881357
14 128.0 143.0 176.0  20  68 142.9253418079096
15 181.0 206.0 193.0  0  98 198.10647604125865
16 230.0 242.0 241.0  0  99 236.85571285571285
17 178.0 178.0 214.0  0  99 180.8100011329943
18 199.0 197.0 153.0  0  99 180.32329243865263
19 227.0 214.0 178.0  0  99 196.91400359565358
20 233.0 178.0 215.0  0  99 187.19514009581283
2 204.0 226.0 247.0  40  66 214.71119170222156
3 255.0 255.0 255.0  5  97 251.98448735019974
4 255.0 255.0 255.0  0  99 247.7967768799658
5 215.0 181.0 185.0  50  68 175.78176842724733
6 240.0 216.0 196.0  60  66 199.52484331322643
7 222.0 203.0 187.0  55  69 187.4952537884361
8 204.0 204.0 242.0  10  97 211.7076941855304
9 230.0 241.0 204.0  0  96 224.5808610741234
10 242.0 192.0 153.0  0  99 181.18538442108633
11 206.0 218.0 178.0  0  99 200.07915750723376
12 209.0 212.0 213.0  0  99 209.19283200912318
13 178.0 215.0 215.0  0  99 207.19756365336954
2 189.0 181.0 180.0  0  71 165.45655935402684
3 255.0 255.0 255.0  0  99 242.06926694221195
4 255.0 255.0 255.0  0  99 248.76434535052422
5 184.0 168.0 167.0  40  67 157.2818031669463
6 171.0 173.0 180.0  0  68 161.27123925125838
7 163.0 150.0 179.0  25  69 149.23642250419462
8 149.0 175.0 180.0  50  69 159.03580248531878
9 212.0 217.0 217.0  0  99 213.2300884379966
10 186.0 216.0 186.0  0  99 195.60810434935368
11 216.0 218.0 186.0  0  99 204.53653883003477
12 178.0 178.0 204.0  0  99 181.5456844871479
13 205.0 166.0 211.0  0  99 180.27669376693768
2 174.0 181.0 231.0  70  66 181.18623682076236
3 255.0 255.0 255.0  5  97 251.9852354662848
4 255.0 255.0 255.0  5  98 249.63233665559247
5 205.0 118.0 148.0  40  65 130.74532441200324
6 204.0 170.0 161.0  70  65 163.3703690186537
7 185.0 157.0 146.0  60  64 149.7397201946472
8 178.0 178.0 178.0  5  96 185.3041151643051
9 249.0 204.0 204.0  5  97 206.56338401919405
10 204.0 204.0 212.0  0  98 204.24253889951564
11 232.0 191.0 217.0  30  98 199.33727641867176
12 240.0 207.0 205.0  25  97 210.82481515039655
13 243.0 199.0 204.0  0  98 206.97547456849782
14 222.0 224.0 222.0  15  98 218.7639713860644
15 223.0 222.0 191.0  15  98 209.1145787889974
16 218.0 191.0 221.0  10  98 199.76275210577535
17 191.0 222.0 222.0  10  98 215.4223044397463
18 222.0 223.0 225.0  15  97 221.69552526128027
19 227.0 222.0 224.0  0  97 220.82880175359261
2 244.0 190.0 190.0  40  75 165.3943253968254
3 255.0 255.0 255.0  0  98 249.17898803453048
4 255.0 255.0 255.0  0  98 250.67410693084355
5 175.0 174.0 210.0  10  78 156.9759492063492
6 174.0 152.0 210.0  10  79 142.02238253968255
7 152.0 174.0 210.0  50  73 154.49741587301588
8 152.0 176.0 195.0  5  73 146.54025714285714
9 185.0 172.0 195.0  10  76 148.50292380952382
10 215.0 215.0 215.0  0  98 212.42053981204924
11 220.0 191.0 227.0  0  98 200.5167279813506
12 191.0 191.0 218.0  0  98 195.490197239018
13 191.0 195.0 191.0  0  98 196.91646253733518
14 191.0 191.0 191.0  0  98 199.4646977671742
15 213.0 222.0 222.0  0  98 218.78965269177533
16 229.0 222.0 218.0  0  98 219.78662407850405
17 191.0 191.0 221.0  0  98 197.15417765179836
18 178.0 217.0 178.0  0  98 197.5877858452253
19 178.0 178.0 178.0  0  98 180.38444274682794
2 255.0 255.0 255.0  0  99 239.36428656614703
3 242.0 242.0 255.0  0  99 231.16040378226424
4 230.0 230.0 255.0  0  99 222.9436374478235
5 217.0 217.0 255.0  0  99 214.71159383252407
6 204.0 204.0 255.0  0  99 206.50241928614022
7 191.0 191.0 255.0  0  99 198.2951529091064
8 178.0 178.0 255.0  0  99 190.10324559161768
9 166.0 166.0 255.0  0  99 182.81553965414432
10 153.0 153.0 255.0  0  99 173.62094897350713
11 140.0 140.0 255.0  0  99 165.41885850583526
12 128.0 128.0 255.0  0  99 158.13592980662747
13 115.0 115.0 255.0  0  99 149.94542806031177
14 102.0 102.0 255.0  0  99 141.74333759263993
15 89.0 89.0 255.0  0  99 133.5409626032882
16 76.0 76.0 255.0  0  99 125.3026646221995
17 64.0 64.0 255.0  0  99 117.06913365704064
18 51.0 51.0 255.0  0  99 108.86186728000682
19 38.0 38.0 255.0  0  99 100.68617940199336
20 26.0 26.0 255.0  0  99 92.45337933384445
21 13.0 13.0 255.0  0  99 84.21184087230598
2 242.0 255.0 242.0  0  99 235.15244569384103
3 230.0 255.0 230.0  0  99 230.8789522105801
4 217.0 255.0 217.0  0  99 225.71159383252407
5 204.0 255.0 204.0  0  99 221.50241928614022
6 191.0 255.0 191.0  0  99 217.27364170713008
7 178.0 255.0 178.0  0  99 212.10324559161768
8 166.0 255.0 166.0  0  99 207.82332396285884
9 153.0 255.0 153.0  0  99 203.62094897350713
10 140.0 255.0 140.0  0  99 199.4094232898884
11 128.0 255.0 128.0  0  99 195.13592980662747
12 115.0 255.0 115.0  0  99 189.95486327625864
13 102.0 255.0 102.0  0  99 185.74333759263993
14 89.0 255.0 89.0  0  99 180.5487469120027
15 76.0 255.0 76.0  0  99 176.3026646221995
16 64.0 255.0 64.0  0  99 172.09064485901695
17 51.0 255.0 51.0  0  99 167.8618672800068
18 38.0 255.0 38.0  0  99 162.68617940199334
19 26.0 255.0 26.0  0  99 158.45337933384445
20 13.0 255.0 13.0  0  99 154.211840872306
2 255.0 242.0 242.0  0  99 228.16040378226424
3 255.0 230.0 230.0  0  99 218.8789522105801
4 255.0 217.0 217.0  0  99 207.6781071641537
5 255.0 204.0 204.0  0  99 197.50241928614022
6 255.0 191.0 191.0  0  99 186.2951529091064
7 255.0 178.0 178.0  0  99 176.10324559161768
8 255.0 166.0 166.0  0  99 165.81553965414432
9 255.0 153.0 153.0  0  99 155.62094897350713
10 255.0 140.0 140.0  0  99 144.41885850583526
11 255.0 128.0 128.0  0  99 134.1995825879547
12 255.0 115.0 115.0  0  99 123.94542806031178
13 255.0 102.0 102.0  0  99 112.74333759263992
14 255.0 89.0 89.0  0  99 102.54874691200273
15 255.0 76.0 76.0  0  99 91.35519890961751
16 255.0 64.0 64.0  0  99 82.06913365704064
17 255.0 51.0 51.0  0  99 70.86186728000682
18 255.0 38.0 38.0  0  99 60.68617940199336
19 255.0 26.0 26.0  0  99 50.399718885765395
20 255.0 13.0 13.0  0  99 40.20388278388278
2 251.0 241.0 241.0  0  99 228.89117130931083
3 249.0 234.0 234.0  0  99 223.62433938154868
4 247.0 227.0 227.0  0  99 218.3490161001789
5 246.0 220.0 220.0  0  99 213.080521339126
6 244.0 213.0 213.0  0  99 207.8683090552858
7 242.0 206.0 206.0  0  99 202.65490586932447
8 240.0 199.0 199.0  0  99 197.37794019933554
9 238.0 192.0 193.0  0  93 192.07707130079223
10 236.0 186.0 186.0  15  95 186.85727063634042
11 234.0 179.0 180.0  5  92 181.5833375926399
12 232.0 172.0 173.0  25  85 176.30775534542977
13 230.0 165.0 167.0  10  69 171.08429338103755
14 229.0 158.0 160.0  10  65 165.80960729193288
15 227.0 152.0 156.0  0  58 160.56554391345088
16 225.0 145.0 150.0  15  49 155.34621858761395
17 224.0 140.0 144.0  15  41 150.0643410852713
18 222.0 134.0 138.0  15  33 144.85774597495526
19 221.0 128.0 132.0  15  23 139.59602351137235
2 248.0 248.0 248.0  0  99 233.73398415537952
3 241.0 241.0 241.0  0  99 228.09739330437006
4 234.0 233.0 234.0  0  99 222.47388704318936
5 227.0 226.0 227.0  0  99 216.82649970184855
6 220.0 219.0 220.0  0  99 211.1969588550984
7 213.0 212.0 213.0  0  99 205.55706789334695
8 206.0 205.0 206.0  0  99 199.92750660192522
9 199.0 198.0 200.0  0  98 194.2915648692393
10 192.0 191.0 193.0  40  97 188.6650924269529
11 186.0 184.0 186.0  55  95 183.02553709856036
2 154.0 190.0 138.0  40  91 177.46019823736262
