2 255.0 255.0 255.0  0  98 250 255.0
3 255.0 255.0 255.0  0  96 251 255.0
4 255.0 255.0 255.0  0  98 244 255.0
5 214.0 216.0 214.0  0  97 212 215.0
6 202.0 153.0 153.0  0  97 156 153.0
7 204.0 153.0 153.0  0  96 156 153.0
8 153.0 153.0 201.0  0  96 165 153.0
9 153.0 205.0 153.0  0  96 181 153.0
10 202.0 153.0 202.0  0  96 171 174.0
11 201.0 201.0 205.0  0  98 198 203.0
12 178.0 214.0 214.0  0  98 205 194.0
13 212.0 211.0 178.0  0  98 196 190.0
14 219.0 215.0 215.0  0  98 210 216.0
15 213.0 178.0 214.0  0  98 186 190.0
16 189.0 128.0 190.0  0  96 152 159.0
17 200.0 201.0 153.0  0  97 186 184.0
18 178.0 215.0 216.0  0  97 208 195.0
19 216.0 178.0 216.0  0  97 190 194.0
20 214.0 218.0 218.0  0  96 216 218.0
21 200.0 153.0 153.0  0  98 152 153.0
22 154.0 200.0 154.0  0  98 177 154.0
23 128.0 128.0 188.0  0  98 141 128.0
24 153.0 202.0 203.0  0  98 193 176.0
25 201.0 200.0 201.0  0  98 197 201.0
26 205.0 202.0 198.0  0  98 197 206.0
27 153.0 153.0 203.0  0  98 166 153.0
2 164.0 168.0 239.0  40  70 175 149.0
3 255.0 255.0 255.0  0  99 251 255.0
4 255.0 255.0 255.0  0  99 242 255.0
5 191.0 134.0 157.0  20  72 137 130.0
6 210.0 156.0 153.0  30  71 154 143.0
7 231.0 154.0 153.0  0  70 153 144.0
8 191.0 159.0 131.0  30  72 145 131.0
9 191.0 157.0 115.0  40  71 139 129.0
10 214.0 216.0 178.0  0  98 202 195.0
11 146.0 131.0 162.0  5  65 138 128.0
12 145.0 132.0 173.0  15  65 138 128.0
13 119.0 151.0 182.0  10  69 150 128.0
14 128.0 143.0 176.0  20  68 143 121.0
15 181.0 206.0 193.0  0  98 198 187.0
16 230.0 242.0 241.0  0  99 237 235.0
17 178.0 178.0 214.0  0  99 181 178.0
18 199.0 197.0 153.0  0  99 180 178.0
19 227.0 214.0 178.0  0  99 197 194.0
20 233.0 178.0 215.0  0  99 187 213.0
2 204.0 226.0 247.0  40  66 215 213.0
3 255.0 255.0 255.0  5  97 252 255.0
4 255.0 255.0 255.0  0  99 248 255.0
5 215.0 181.0 185.0  50  68 176 183.0
6 240.0 216.0 196.0  60  66 200 205.0
7 222.0 203.0 187.0  55  69 187 193.0
8 204.0 204.0 242.0  10  97 212 204.0
9 230.0 241.0 204.0  0  96 225 224.0
10 242.0 192.0 153.0  0  99 181 153.0
11 206.0 218.0 178.0  0  99 200 199.0
12 209.0 212.0 213.0  0  99 209 203.0
13 178.0 215.0 215.0  0  99 207 195.0
2 189.0 181.0 180.0  0  71 165 140.0
3 255.0 255.0 255.0  0  99 242 255.0
4 255.0 255.0 255.0  0  99 249 255.0
5 184.0 168.0 167.0  40  67 157 136.0
6 171.0 173.0 180.0  0  68 161 136.0
7 163.0 150.0 179.0  25  69 149 130.0
8 149.0 175.0 180.0  50  69 159 135.0
9 212.0 217.0 217.0  0  99 213 212.0
10 186.0 216.0 186.0  0  99 196 186.0
11 216.0 218.0 186.0  0  99 205 204.0
12 178.0 178.0 204.0  0  99 182 178.0
13 205.0 166.0 211.0  0  99 180 189.0
2 174.0 181.0 231.0  70  66 181 173.0
3 255.0 255.0 255.0  5  97 252 255.0
4 255.0 255.0 255.0  5  98 250 255.0
5 205.0 118.0 148.0  40  65 131 144.0
6 204.0 170.0 161.0  70  65 163 163.0
7 185.0 157.0 146.0  60  64 150 146.0
8 178.0 178.0 178.0  5  96 185 178.0
9 249.0 204.0 204.0  5  97 207 204.0
10 204.0 204.0 212.0  0  98 204 204.0
11 232.0 191.0 217.0  30  98 199 205.0
12 240.0 207.0 205.0  25  97 211 205.0
13 243.0 199.0 204.0  0  98 207 199.0
14 222.0 224.0 222.0  15  98 219 220.0
15 223.0 222.0 191.0  15  98 209 208.0
16 218.0 191.0 221.0  10  98 200 208.0
17 191.0 222.0 222.0  10  98 215 206.0
18 222.0 223.0 225.0  15  97 222 224.0
19 227.0 222.0 224.0  0  97 221 222.0
2 244.0 190.0 190.0  40  75 165 77.0
3 255.0 255.0 255.0  0  98 249 255.0
4 255.0 255.0 255.0  0  98 251 255.0
5 175.0 174.0 210.0  10  78 157 91.0
6 174.0 152.0 210.0  10  79 142 77.0
7 152.0 174.0 210.0  50  73 154 87.0
8 152.0 176.0 195.0  5  73 147 81.0
9 185.0 172.0 195.0  10  76 149 87.0
10 215.0 215.0 215.0  0  98 212 215.0
11 220.0 191.0 227.0  0  98 201 213.0
12 191.0 191.0 218.0  0  98 195 191.0
13 191.0 195.0 191.0  0  98 197 191.0
14 191.0 191.0 191.0  0  98 199 191.0
15 213.0 222.0 222.0  0  98 219 216.0
16 229.0 222.0 218.0  0  98 220 229.0
17 191.0 191.0 221.0  0  98 197 191.0
18 178.0 217.0 178.0  0  98 198 178.0
19 178.0 178.0 178.0  0  98 180 178.0
2 255.0 255.0 255.0  0  99 239 255.0
3 242.0 242.0 255.0  0  99 231 242.0
4 230.0 230.0 255.0  0  99 223 230.0
5 217.0 217.0 255.0  0  99 215 217.0
6 204.0 204.0 255.0  0  99 207 204.0
7 191.0 191.0 255.0  0  99 198 191.0
8 178.0 178.0 255.0  0  99 190 178.0
9 166.0 166.0 255.0  0  99 183 166.0
10 153.0 153.0 255.0  0  99 174 153.0
11 140.0 140.0 255.0  0  99 165 140.0
12 128.0 128.0 255.0  0  99 158 128.0
13 115.0 115.0 255.0  0  99 150 115.0
14 102.0 102.0 255.0  0  99 142 102.0
15 89.0 89.0 255.0  0  99 134 89.0
16 76.0 76.0 255.0  0  99 125 76.0
17 64.0 64.0 255.0  0  99 117 64.0
18 51.0 51.0 255.0  0  99 109 51.0
19 38.0 38.0 255.0  0  99 101 38.0
20 26.0 26.0 255.0  0  99 92 26.0
21 13.0 13.0 255.0  0  99 84 13.0
2 242.0 255.0 242.0  0  99 235 242.0
3 230.0 255.0 230.0  0  99 231 230.0
4 217.0 255.0 217.0  0  99 226 217.0
5 204.0 255.0 204.0  0  99 222 204.0
6 191.0 255.0 191.0  0  99 217 191.0
7 178.0 255.0 178.0  0  99 212 178.0
8 166.0 255.0 166.0  0  99 208 166.0
9 153.0 255.0 153.0  0  99 204 153.0
10 140.0 255.0 140.0  0  99 199 140.0
11 128.0 255.0 128.0  0  99 195 128.0
12 115.0 255.0 115.0  0  99 190 115.0
13 102.0 255.0 102.0  0  99 186 102.0
14 89.0 255.0 89.0  0  99 181 89.0
15 76.0 255.0 76.0  0  99 176 76.0
16 64.0 255.0 64.0  0  99 172 64.0
17 51.0 255.0 51.0  0  99 168 51.0
18 38.0 255.0 38.0  0  99 163 38.0
19 26.0 255.0 26.0  0  99 158 26.0
20 13.0 255.0 13.0  0  99 154 13.0
2 255.0 242.0 242.0  0  99 228 242.0
3 255.0 230.0 230.0  0  99 219 230.0
4 255.0 217.0 217.0  0  99 208 217.0
5 255.0 204.0 204.0  0  99 198 204.0
6 255.0 191.0 191.0  0  99 186 191.0
7 255.0 178.0 178.0  0  99 176 178.0
8 255.0 166.0 166.0  0  99 166 166.0
9 255.0 153.0 153.0  0  99 156 153.0
10 255.0 140.0 140.0  0  99 144 140.0
11 255.0 128.0 128.0  0  99 134 128.0
12 255.0 115.0 115.0  0  99 124 115.0
13 255.0 102.0 102.0  0  99 113 102.0
14 255.0 89.0 89.0  0  99 103 89.0
15 255.0 76.0 76.0  0  99 91 76.0
16 255.0 64.0 64.0  0  99 82 64.0
17 255.0 51.0 51.0  0  99 71 51.0
18 255.0 38.0 38.0  0  99 61 38.0
19 255.0 26.0 26.0  0  99 50 26.0
20 255.0 13.0 13.0  0  99 40 13.0
2 251.0 241.0 241.0  0  99 229 246.0
3 249.0 234.0 234.0  0  99 224 242.0
4 247.0 227.0 227.0  0  99 218 238.0
5 246.0 220.0 220.0  0  99 213 233.0
6 244.0 213.0 213.0  0  99 208 229.0
7 242.0 206.0 206.0  0  99 203 225.0
8 240.0 199.0 199.0  0  99 197 221.0
9 238.0 192.0 193.0  0  93 192 217.0
10 236.0 186.0 186.0  15  95 187 214.0
11 234.0 179.0 180.0  5  92 182 209.0
12 232.0 172.0 173.0  25  85 176 206.0
13 230.0 165.0 167.0  10  69 171 202.0
14 229.0 158.0 160.0  10  65 166 198.0
15 227.0 152.0 156.0  0  58 161 196.0
16 225.0 145.0 150.0  15  49 155 193.0
17 224.0 140.0 144.0  15  41 150 193.0
18 222.0 134.0 138.0  15  33 145 191.0
19 221.0 128.0 132.0  15  23 140 188.0
2 248.0 248.0 248.0  0  99 234 248.0
3 241.0 241.0 241.0  0  99 228 240.0
4 234.0 233.0 234.0  0  99 222 233.0
5 227.0 226.0 227.0  0  99 217 227.0
6 220.0 219.0 220.0  0  99 211 220.0
7 213.0 212.0 213.0  0  99 206 213.0
8 206.0 205.0 206.0  0  99 200 206.0
9 199.0 198.0 200.0  0  98 194 200.0
10 192.0 191.0 193.0  40  97 189 193.0
11 186.0 184.0 186.0  55  95 183 186.0
2 154.0 190.0 138.0  40  91 177 177.0
